3.342857142857143,2.8857142857142857,2.9,2.5142857142857142,2.6142857142857143,2.7
3.466019417475728,2.2718446601941746,1.9611650485436893,2.1359223300970873,2.6019417475728157,1.9320388349514563
3.0952380952380953,2.015873015873016,2.015873015873016,1.3968253968253967,1.9523809523809523,1.9523809523809523
3.2,2.381818181818182,2.1818181818181817,2.109090909090909,2.2545454545454544,2.2
3.4523809523809526,3.119047619047619,2.619047619047619,2.6666666666666665,2.8333333333333335,2.619047619047619
4.215686274509804,3.803921568627451,3.3333333333333335,3.588235294117647,4.0588235294117645,3.372549019607843
4.052631578947368,2.9473684210526314,2.8947368421052633,3.0,3.263157894736842,4.0
3.574468085106383,2.127659574468085,2.425531914893617,2.148936170212766,2.851063829787234,2.3191489361702127
3.7804878048780486,3.317073170731707,2.707317073170732,2.902439024390244,3.8048780487804876,3.1463414634146343
3.2142857142857144,3.2142857142857144,2.357142857142857,3.2857142857142856,3.0,2.5
2.9649122807017543,1.9298245614035088,1.5614035087719298,1.912280701754386,1.7719298245614035,1.7543859649122806
3.201923076923077,2.7788461538461537,2.3461538461538463,2.576923076923077,2.923076923076923,2.701923076923077
4.8,2.0,4.0,1.0,0.0,3.0
4.327586206896552,3.7413793103448274,3.1724137931034484,3.310344827586207,3.4482758620689653,3.2241379310344827
1.8571428571428572,1.4285714285714286,1.8571428571428572,1.0,1.2857142857142858,1.4285714285714286
4.055555555555555,3.2222222222222223,3.388888888888889,3.2222222222222223,2.9444444444444446,3.111111111111111
4.229357798165138,3.963302752293578,3.5871559633027523,3.6788990825688073,3.688073394495413,3.908256880733945
2.2857142857142856,1.2857142857142858,2.857142857142857,2.142857142857143,0.5714285714285714,0.7142857142857143
2.8,1.0,1.9,1.9,1.4,2.0
3.8636363636363638,2.272727272727273,2.3181818181818183,1.8181818181818181,2.0454545454545454,1.8181818181818181
3.3333333333333335,2.5,1.9523809523809523,2.5238095238095237,2.642857142857143,2.2142857142857144
4.0,3.8333333333333335,3.8333333333333335,3.1666666666666665,3.3333333333333335,3.6666666666666665
3.763157894736842,3.289473684210526,2.8947368421052633,2.8157894736842106,3.0526315789473686,2.9473684210526314
4.0588235294117645,2.8823529411764706,2.588235294117647,3.088235294117647,3.0,2.235294117647059
3.6333333333333333,2.4,3.3333333333333335,1.4666666666666666,1.8333333333333333,2.566666666666667
3.396694214876033,3.0330578512396693,2.4710743801652892,2.628099173553719,3.074380165289256,2.652892561983471
2.25,0.25,0.25,2.25,1.0,1.25
4.217391304347826,3.0434782608695654,2.347826086956522,3.0869565217391304,2.9565217391304346,2.608695652173913
3.341463414634146,2.731707317073171,1.9268292682926829,2.1463414634146343,2.073170731707317,1.7317073170731707
3.569620253164557,3.2278481012658227,3.0,3.050632911392405,3.240506329113924,3.0126582278481013
3.0,3.5555555555555554,2.888888888888889,3.0,2.7777777777777777,2.888888888888889
3.2580645161290325,1.8064516129032258,1.532258064516129,2.0483870967741935,1.596774193548387,1.4516129032258065
3.3125,3.3125,3.125,3.0625,3.5625,3.0
3.236842105263158,2.3157894736842106,1.7105263157894737,1.8157894736842106,1.868421052631579,2.4210526315789473
3.347826086956522,2.3043478260869565,2.1739130434782608,2.130434782608696,1.826086956521739,1.6521739130434783
3.8421052631578947,2.526315789473684,2.3157894736842106,2.8421052631578947,2.0526315789473686,2.3157894736842106
3.1,1.9,1.825,2.275,2.025,2.1
2.8727272727272726,1.8909090909090909,1.7454545454545454,1.4545454545454546,1.7272727272727273,1.8363636363636364
4.285714285714286,2.4761904761904763,2.7142857142857144,2.8095238095238093,2.3333333333333335,2.761904761904762
4.2272727272727275,3.0,2.5,2.409090909090909,3.1818181818181817,2.5
2.9411764705882355,1.6,1.6470588235294117,1.7176470588235293,1.6470588235294117,1.6352941176470588
3.515151515151515,2.757575757575758,3.0,2.6363636363636362,3.212121212121212,2.696969696969697
3.5090909090909093,2.0727272727272728,1.6181818181818182,1.8363636363636364,1.9636363636363636,2.2
3.44,2.96,2.84,3.28,3.0,3.24
3.0,2.230769230769231,2.769230769230769,2.3846153846153846,2.1538461538461537,1.8461538461538463
3.22,2.3,1.68,2.24,2.38,2.7
3.493150684931507,2.767123287671233,2.506849315068493,2.136986301369863,2.808219178082192,2.6575342465753424
0.0,0.0,0.0,0.0,0.0,0.0
3.590909090909091,3.3181818181818183,2.909090909090909,2.9545454545454546,3.1363636363636362,2.772727272727273
2.4761904761904763,1.0476190476190477,1.4761904761904763,0.9047619047619048,1.3333333333333333,1.2380952380952381
3.8846153846153846,3.8076923076923075,3.4615384615384617,3.6153846153846154,3.3461538461538463,3.6923076923076925
4.0,3.6551724137931036,3.3793103448275863,3.793103448275862,3.586206896551724,3.4827586206896552
4.0,3.4,3.6,3.1,3.7,3.8
4.4,2.0,0.4,3.2,2.4,1.8
3.8484848484848486,2.590909090909091,2.4393939393939394,1.7575757575757576,2.5303030303030303,2.8333333333333335
3.9642857142857144,2.75,2.7142857142857144,2.0714285714285716,2.4285714285714284,2.7857142857142856
2.36,0.96,0.56,1.0,1.84,0.36
3.0416666666666665,2.75,1.9166666666666667,2.375,2.3333333333333335,2.5833333333333335
3.183673469387755,2.020408163265306,1.8265306122448979,1.6428571428571428,2.3469387755102042,2.0
2.5,1.25,1.25,0.0,0.0,1.25
3.40625,2.328125,1.875,2.1875,2.65625,2.4375
3.742574257425743,3.386138613861386,3.227722772277228,3.3168316831683167,3.603960396039604,3.3069306930693068
3.2222222222222223,2.746031746031746,2.2698412698412698,2.619047619047619,2.8412698412698414,2.634920634920635
4.0,3.6666666666666665,2.5416666666666665,3.2083333333333335,3.2083333333333335,2.875
3.15,2.433333333333333,2.3833333333333333,2.3833333333333333,2.933333333333333,2.3666666666666667
4.333333333333333,3.0833333333333335,3.1666666666666665,2.25,2.8333333333333335,3.0416666666666665
3.3392857142857144,2.5357142857142856,2.1964285714285716,1.75,2.232142857142857,2.0357142857142856
3.5588235294117645,2.588235294117647,2.4558823529411766,2.25,2.2205882352941178,2.2941176470588234
3.772727272727273,2.272727272727273,2.590909090909091,2.1818181818181817,2.6363636363636362,2.1363636363636362
2.533333333333333,2.066666666666667,1.9333333333333333,2.3333333333333335,2.1333333333333333,1.7333333333333334
3.5,1.875,1.875,2.5,2.625,1.375
3.5625,1.6875,1.4375,1.9375,1.0625,2.6875
4.0,1.25,1.875,0.8125,1.4375,2.1875
2.25,1.25,0.75,1.25,0.75,0.0
3.774193548387097,3.3870967741935485,3.193548387096774,3.096774193548387,3.2580645161290325,3.3548387096774195
2.590909090909091,1.7727272727272727,2.090909090909091,1.1363636363636365,0.9090909090909091,1.7727272727272727
3.473684210526316,2.6315789473684212,2.8947368421052633,2.6315789473684212,3.6315789473684212,2.6842105263157894
2.607142857142857,1.7142857142857142,1.1071428571428572,0.8214285714285714,1.6785714285714286,1.4285714285714286
3.0,1.5714285714285714,0.6190476190476191,0.8095238095238095,1.8095238095238095,1.5714285714285714
4.0,4.0,5.0,0.0,0.0,0.0
3.625,3.5,3.0,2.75,2.375,2.625
3.108108108108108,2.4594594594594597,1.5945945945945945,1.7297297297297298,1.4324324324324325,1.3783783783783783
3.95,3.0,2.725,3.125,3.325,2.55
3.2142857142857144,3.0357142857142856,2.8214285714285716,2.5714285714285716,3.0714285714285716,2.9285714285714284
4.090909090909091,3.0,3.1818181818181817,3.272727272727273,4.0,2.727272727272727
3.5526315789473686,3.210526315789474,2.6842105263157894,2.5526315789473686,3.1315789473684212,2.5
3.0,1.3333333333333333,1.1666666666666667,2.3333333333333335,2.3333333333333335,2.1666666666666665
3.566666666666667,2.6666666666666665,2.6,1.9666666666666666,2.2333333333333334,2.2666666666666666
3.642857142857143,2.5,2.7857142857142856,1.7142857142857142,3.25,2.7857142857142856
3.6785714285714284,3.5714285714285716,2.892857142857143,2.7857142857142856,2.892857142857143,2.892857142857143
3.6875,1.8125,2.0,2.5,2.8125,2.625
2.3333333333333335,2.0,1.8888888888888888,1.8888888888888888,2.5555555555555554,1.2222222222222223
4.125,3.8,3.1,3.725,3.75,3.575
2.742857142857143,2.5714285714285716,2.0285714285714285,2.3714285714285714,2.1142857142857143,1.9142857142857144
3.480769230769231,2.0384615384615383,2.2115384615384617,2.1153846153846154,2.4615384615384617,1.6153846153846154
0.3333333333333333,0.6666666666666666,0.3333333333333333,0.0,0.0,0.0
3.6792452830188678,2.981132075471698,2.3773584905660377,2.9622641509433962,2.8867924528301887,2.4716981132075473
3.03125,2.09375,1.28125,1.65625,1.875,1.59375
3.5510204081632653,2.8979591836734695,2.2653061224489797,1.9183673469387754,2.204081632653061,2.63265306122449
2.4,2.6,1.6,1.6,2.0,2.2
3.5416666666666665,2.6666666666666665,2.9166666666666665,2.25,3.5416666666666665,2.75
3.1818181818181817,3.0,2.0,2.909090909090909,2.6363636363636362,2.272727272727273
3.3225806451612905,2.193548387096774,1.903225806451613,1.903225806451613,2.225806451612903,2.3870967741935485
2.3333333333333335,1.3333333333333333,1.3333333333333333,0.0,1.6666666666666667,1.3333333333333333
2.923076923076923,2.1538461538461537,1.3076923076923077,1.3846153846153846,1.6923076923076923,2.076923076923077
4.083333333333333,2.75,3.25,2.5833333333333335,2.1666666666666665,2.4166666666666665
4.0,3.5,4.0,3.0,3.5,3.5
4.125,2.125,2.125,2.5,1.0,1.0
3.4,3.5,2.4,3.0,2.9,2.5
3.3076923076923075,3.076923076923077,2.769230769230769,2.4615384615384617,3.4615384615384617,2.1538461538461537
3.0,2.7,2.125,2.125,2.275,2.2
3.75,3.5,3.015625,3.375,3.4375,3.484375
2.888888888888889,1.2222222222222223,1.5555555555555556,1.4444444444444444,1.0,1.4444444444444444
4.142857142857143,3.0285714285714285,2.2,3.0285714285714285,2.8,3.1142857142857143
3.566666666666667,2.7333333333333334,2.7666666666666666,2.433333333333333,2.6,2.5
4.066666666666666,3.3333333333333335,3.6666666666666665,3.066666666666667,2.933333333333333,3.066666666666667
2.888888888888889,2.888888888888889,2.0,1.6666666666666667,1.8888888888888888,2.0
2.8125,1.875,2.0625,1.5625,1.8125,1.75
1.8,0.0,0.0,0.8,1.6,2.0
1.7142857142857142,1.2857142857142858,0.7142857142857143,2.0,1.4285714285714286,0.5714285714285714
4.7,3.4,3.8,2.8,4.3,3.2
3.217391304347826,2.782608695652174,2.4347826086956523,1.4782608695652173,2.6956521739130435,2.4782608695652173
2.68,0.88,1.2,0.64,1.36,0.88
3.4705882352941178,2.411764705882353,1.8823529411764706,1.411764705882353,3.0,2.0
3.3333333333333335,2.111111111111111,2.2222222222222223,2.3333333333333335,2.111111111111111,2.5555555555555554
4.125,2.9583333333333335,2.8333333333333335,2.2083333333333335,2.5833333333333335,2.1666666666666665
2.6666666666666665,1.6666666666666667,1.2962962962962963,1.8148148148148149,1.6296296296296295,1.4444444444444444
4.583333333333333,3.3333333333333335,3.8333333333333335,3.75,3.6666666666666665,2.8333333333333335
3.6,2.0,1.9333333333333333,2.2666666666666666,3.3333333333333335,2.2666666666666666
2.5384615384615383,2.230769230769231,3.3846153846153846,2.5384615384615383,2.8461538461538463,2.230769230769231
2.774193548387097,2.193548387096774,1.2903225806451613,1.1935483870967742,2.0,1.0
3.0,0.6666666666666666,2.3333333333333335,0.0,1.3333333333333333,0.8333333333333334
2.176470588235294,1.7647058823529411,0.8235294117647058,1.588235294117647,1.4705882352941178,1.2352941176470589
2.0,1.2857142857142858,1.1428571428571428,0.0,1.4285714285714286,1.2857142857142858
3.5,1.9166666666666667,2.75,2.3333333333333335,3.6666666666666665,1.8333333333333333
3.877551020408163,3.63265306122449,3.2448979591836733,3.510204081632653,3.5714285714285716,3.4693877551020407
4.2,4.4,3.2,3.0,4.4,3.6
3.142857142857143,2.7142857142857144,0.8571428571428571,1.8571428571428572,1.5714285714285714,1.5714285714285714
2.75,0.65,0.5,1.5,1.65,1.35
3.4166666666666665,1.8333333333333333,2.1666666666666665,1.9166666666666667,2.4166666666666665,2.0
1.75,2.625,1.75,1.875,2.75,2.0
3.8636363636363638,2.1818181818181817,1.9545454545454546,2.590909090909091,2.3181818181818183,2.8181818181818183
3.75,2.5,1.25,3.75,2.5,1.25
2.4444444444444446,2.2222222222222223,1.6666666666666667,1.5555555555555556,2.111111111111111,2.0
3.3333333333333335,0.5555555555555556,1.4444444444444444,2.5555555555555554,2.2222222222222223,1.4444444444444444
3.730769230769231,3.0384615384615383,2.923076923076923,1.6538461538461537,2.423076923076923,2.230769230769231
2.730769230769231,1.3076923076923077,1.5,1.5384615384615385,2.269230769230769,1.4615384615384615
4.5625,4.0,3.4375,3.6875,4.375,3.1875
1.5,0.0,1.0,0.875,0.0,0.5
3.235294117647059,2.0,1.6470588235294117,2.411764705882353,2.176470588235294,1.8823529411764706
4.0,2.4444444444444446,2.3333333333333335,3.0,3.2222222222222223,3.3333333333333335
3.8333333333333335,2.1666666666666665,2.8333333333333335,2.0,3.3333333333333335,2.6666666666666665
3.3333333333333335,2.111111111111111,1.0,1.2222222222222223,1.6666666666666667,3.0
3.7083333333333335,2.125,2.25,2.1666666666666665,2.125,1.875
3.4594594594594597,2.7837837837837838,2.4594594594594597,2.108108108108108,2.27027027027027,2.4864864864864864
1.5,1.6666666666666667,1.3333333333333333,1.25,1.8333333333333333,1.3333333333333333
3.625,0.625,1.125,1.25,1.25,1.625
3.096774193548387,2.4838709677419355,1.903225806451613,2.032258064516129,2.096774193548387,1.7419354838709677
2.2857142857142856,2.0,1.8571428571428572,1.4285714285714286,0.7142857142857143,0.5714285714285714
3.2,2.8,2.4,1.8,1.4,1.4
3.9473684210526314,2.6842105263157894,2.5789473684210527,2.0526315789473686,3.8421052631578947,3.3157894736842106
1.75,1.125,0.625,1.625,1.25,1.875
2.5,0.0,0.0,0.0,2.5,2.5
4.35,2.1,2.75,1.75,2.15,3.55
2.0,0.4166666666666667,1.0,0.3333333333333333,1.8333333333333333,0.08333333333333333
3.75,3.375,2.625,2.0,3.0,2.625
3.1,2.7,2.1,3.1,2.8,2.4
3.7,3.5,3.9,3.7,4.3,3.4
3.4166666666666665,3.2222222222222223,2.9722222222222223,3.0277777777777777,3.0833333333333335,3.25
2.25,2.75,3.25,2.75,3.0,2.5
4.0,0.0,0.0,0.0,3.0,3.0
2.5,2.375,1.5,1.5,1.0,1.375
2.4545454545454546,0.9090909090909091,1.0,0.8181818181818182,0.45454545454545453,1.5
4.0,4.25,3.25,3.5,4.0,3.0
2.909090909090909,1.2727272727272727,1.0,2.090909090909091,1.1818181818181819,1.1818181818181819
3.5714285714285716,2.7142857142857144,2.7142857142857144,2.2857142857142856,2.7142857142857144,1.0
3.75,2.0,2.25,3.5,2.25,3.75
3.0,0.5,2.5,0.0,0.0,3.0
2.35,2.45,1.7,1.65,1.6,1.7
4.0,4.0,4.0,0.0,3.0,3.0
4.0,0.0,3.0,5.0,0.0,0.0
3.6666666666666665,3.6666666666666665,3.4,2.6666666666666665,2.7333333333333334,2.8666666666666667
3.5454545454545454,1.7272727272727273,2.272727272727273,3.3636363636363638,2.909090909090909,2.1818181818181817
3.6,2.2,2.4,1.8,2.4,2.0
5.0,4.0,4.0,0.0,0.0,0.0
3.5,2.25,3.5,2.25,3.25,2.25
2.75,1.1666666666666667,1.4166666666666667,1.9166666666666667,2.8333333333333335,1.6666666666666667
2.0,2.0,2.0,2.0,2.0,1.5
3.3076923076923075,2.8461538461538463,1.6923076923076923,1.9230769230769231,2.3076923076923075,2.6923076923076925
3.5,0.5,4.0,0.0,0.0,1.5
2.4285714285714284,1.8571428571428572,1.8571428571428572,2.2857142857142856,1.7142857142857142,2.4285714285714284
2.769230769230769,2.076923076923077,2.076923076923077,0.9230769230769231,2.076923076923077,1.4615384615384615
2.875,1.375,2.25,2.0,1.5,1.25
3.5,2.0,1.5,0.0,1.5,2.0
3.8,3.64,2.88,2.68,3.04,2.44
3.0,2.4,2.4,1.0,1.0,2.8
4.625,4.3125,4.125,4.5625,3.6875,4.1875
3.272727272727273,3.1818181818181817,2.3636363636363638,2.1818181818181817,2.727272727272727,2.272727272727273
2.5,0.0,2.0,0.0,0.0,2.0
1.5,1.0,0.0,1.0,0.0,0.0
2.0,1.8,1.4,1.8,1.8,1.6
1.8,0.8,2.0,2.2,0.2,0.0
0.0,0.0,0.0,0.0,0.0,0.0
1.5,2.0,2.0,2.0,2.5,1.5
3.2,1.2,2.4,2.0,0.8,1.2
2.3333333333333335,2.1666666666666665,1.8333333333333333,1.6666666666666667,2.6666666666666665,1.5
2.6,1.2,0.0,0.6,2.6,1.4
2.625,2.625,1.75,2.125,1.25,1.0
3.7,3.4,3.5,3.3,3.0,3.3
1.0,1.0,1.0,1.0,2.0,1.0
2.5,3.5,3.0,2.0,4.0,2.5
2.8333333333333335,1.5,1.3333333333333333,1.5,2.6666666666666665,1.3333333333333333
0.0,0.0,0.0,0.0,0.0,0.0
4.0,3.5,2.5,2.0,2.5,3.0
3.75,1.25,3.25,1.0,2.5,1.25
3.0,1.6666666666666667,0.0,1.3333333333333333,1.6666666666666667,1.3333333333333333
3.8,3.6,2.6,1.8,2.6,3.0
2.625,1.5,2.0,1.5,1.125,2.25
3.6666666666666665,1.6666666666666667,3.3333333333333335,1.6666666666666667,2.0,2.3333333333333335
0.5555555555555556,0.0,0.1111111111111111,0.3333333333333333,0.0,0.3333333333333333
3.875,1.75,2.0,2.875,3.75,2.25
2.5,1.8333333333333333,2.0,0.5,1.3333333333333333,0.8333333333333334
3.0,2.4,3.0,2.2,1.2,0.6
4.8,4.4,4.4,4.6,4.6,4.6
2.5,1.5,0.0,1.5,0.0,0.5
3.3333333333333335,3.3333333333333335,3.3333333333333335,3.3333333333333335,3.3333333333333335,2.6666666666666665
5.0,4.0,2.5,2.5,5.0,2.0
5.0,0.0,0.0,5.0,5.0,0.0
2.6,2.6,2.8,1.8,1.8,1.8
1.3333333333333333,0.0,1.3333333333333333,0.0,1.3333333333333333,0.0
2.7,2.3,2.4,2.4,2.7,2.5
5.0,5.0,5.0,5.0,5.0,5.0
2.0,0.8,1.4,0.8,1.0,1.4
1.75,1.0,1.625,1.625,1.125,0.875
0.0,0.0,0.0,0.0,0.0,0.0
3.5,2.25,3.0,2.0,4.0,2.5
5.0,2.8,4.8,3.0,4.0,2.6
4.333333333333333,3.0,5.0,4.666666666666667,3.3333333333333335,3.0
4.0,0.0,4.0,0.0,0.0,4.0
3.0,0.0,3.0,0.5,2.5,0.0
3.75,2.5,3.5,2.5,3.75,2.5
3.3333333333333335,0.0,1.3333333333333333,1.6666666666666667,1.6666666666666667,1.3333333333333333
2.75,2.25,1.75,1.0,1.25,3.0
2.2,0.8,1.0,0.8,2.6,1.8
0.0,0.0,0.0,0.0,0.0,0.0
2.0,0.0,0.0,0.0,2.5,2.0
3.0,1.0,3.0,0.5,0.0,2.5
3.0,1.0,2.0,3.0,5.0,2.0
0.0,0.0,0.0,0.0,0.0,0.0
3.0,0.0,0.0,3.0,3.0,0.0
0.0,0.0,0.0,0.0,0.0,0.0
0.0,0.0,0.0,0.0,0.0,0.0
4.0,0.0,3.0,0.0,5.0,0.0
4.0,5.0,0.0,0.0,0.0,3.0
0.0,0.0,0.0,0.0,0.0,0.0
2.6666666666666665,3.0,3.0,1.0,3.3333333333333335,2.6666666666666665
3.6666666666666665,2.3333333333333335,2.3333333333333335,2.6666666666666665,2.3333333333333335,4.0
4.0,0.0,0.0,5.0,5.0,0.0
5.0,5.0,0.0,5.0,0.0,0.0
0.0,0.0,0.0,0.0,0.0,0.0
5.0,5.0,0.0,0.0,5.0,0.0
1.0,1.0,0.0,0.0,0.0,1.0
5.0,5.0,5.0,5.0,5.0,5.0
5.0,5.0,5.0,5.0,5.0,3.0
0.0,0.0,0.0,0.0,0.0,0.0
1.0,1.0,2.0,0.0,0.0,0.0
